,soilm
89.875,-9999
89.625,-9999
89.375,-9999
89.125,-9999
88.875,-9999
88.625,-9999
88.375,-9999
88.125,-9999
87.875,-9999
87.625,-9999
87.375,-9999
87.125,-9999
86.875,-9999
86.625,-9999
86.375,-9999
86.125,-9999
85.875,-9999
85.625,-9999
85.375,-9999
85.125,-9999
84.875,-9999
84.625,-9999
84.375,-9999
84.125,-9999
83.875,-9999
83.625,-9999
83.375,-9999
83.125,-9999
82.875,-9999
82.625,-9999
82.375,-9999
82.125,-9999
81.875,-9999
81.625,-9999
81.375,-9999
81.125,-9999
80.875,-9999
80.625,-9999
80.375,-9999
80.125,-9999
79.875,-9999
79.625,-9999
79.375,-9999
79.125,-9999
78.875,-9999
78.625,-9999
78.375,-9999
78.125,-9999
77.875,-9999
77.625,-9999
77.375,-9999
77.125,-9999
76.875,-9999
76.625,-9999
76.375,-9999
76.125,-9999
75.875,-9999
75.625,-9999
75.375,-9999
75.125,-9999
74.875,-9999
74.625,-9999
74.375,-9999
74.125,-9999
73.875,-9999
73.625,-9999
73.375,-9999
73.125,-9999
72.875,-9999
72.625,-9999
72.375,-9999
72.125,-9999
71.875,-9999
71.625,-9999
71.375,-9999
71.125,-9999
70.875,-9999
70.625,-9999
70.375,-9999
70.125,-9999
69.875,-9999
69.625,-9999
69.375,-9999
69.125,-9999
68.875,-9999
68.625,-9999
68.375,-9999
68.125,-9999
67.875,-9999
67.625,-9999
67.375,0.299833335
67.125,-9999
66.875,0.19
66.625,-9999
66.375,-9999
66.125,-9999
65.875,-9999
65.625,-9999
65.375,-9999
65.125,-9999
64.875,0.19916875
64.625,0.17383333499999998
64.375,-9999
64.125,-9999
63.875,-9999
63.625,-9999
63.375,-9999
63.125,-9999
62.875,-9999
62.625,-9999
62.375,-9999
62.125,0.36693980000000004
61.875,-9999
61.625,-9999
61.375,0.12
61.125,-9999
60.875,-9999
60.625,0.24
60.375,-9999
60.125,-9999
59.875,0.37458333
59.625,0.2644506325
59.375,0.39
59.125,0.56416667
58.875,-9999
58.625,-9999
58.375,-9999
58.125,-9999
57.875,-9999
57.625,-9999
57.375,-9999
57.125,-9999
56.875,-9999
56.625,-9999
56.375,-9999
56.125,-9999
55.875,-9999
55.625,-9999
55.375,-9999
55.125,-9999
54.875,-9999
54.625,-9999
54.375,-9999
54.125,-9999
53.875,-9999
53.625,-9999
53.375,-9999
53.125,-9999
52.875,-9999
52.625,-9999
52.375,-9999
52.125,0.19316250000000001
51.875,-9999
51.625,-9999
51.375,-9999
51.125,0.224814585
50.875,0.3320178575
50.625,0.276625
50.375,-9999
50.125,-9999
49.875,-9999
49.625,-9999
49.375,-9999
49.125,-9999
48.875,0.25316848000000003
48.625,0.128729165
48.375,0.21583333
48.125,0.24841667
47.875,0.21643466
47.625,0.1463378625
47.375,0.1486912875
47.125,0.13670833
46.875,0.25645833
46.625,0.2281979175
46.375,0.149824405
46.125,0.207104165
45.875,0.31725
45.625,0.17552083
45.375,0.1461875
45.125,-9999
44.875,0.151845235
44.625,0.31641667
44.375,0.09729167
44.125,0.18558333
43.875,0.25687051
43.625,0.211270835
43.375,0.146979165
43.125,0.251267855
42.875,0.2191979175
42.625,0.07087798000000001
42.375,0.22279166500000003
42.125,0.114049125
41.875,0.1926875
41.625,0.16729167
41.375,0.13975
41.125,0.28212499999999996
40.875,0.17972727
40.625,0.1408740925
40.375,0.14815625
40.125,0.23617094
39.875,0.21128587000000001
39.625,0.138229165
39.375,0.10491304
39.125,0.195625
38.875,0.25316667
38.625,0.15544155999999998
38.375,0.14060870000000003
38.125,0.2588625
37.875,0.1652678575
37.625,0.18125000000000002
37.375,0.171854165
37.125,0.30974580500000004
36.875,0.29103333
36.625,0.2165461325
36.375,0.099275
36.125,0.2515625
35.875,0.26557738
35.625,0.3036375
35.375,0.34554167
35.125,0.26013541500000004
34.875,0.30042916750000004
34.625,0.2296165925
34.375,0.28847916749999997
34.125,0.30108469000000004
33.875,0.20441176
33.625,0.155
33.375,0.1567187525
33.125,0.39295833
32.875,0.4055
32.625,0.09608333
32.375,0.296666665
32.125,0.22541667
31.875,0.25775000000000003
31.625,0.11025
31.375,0.134979165
31.125,0.256625
30.875,0.05416667
30.625,0.15242708249999998
30.375,0.278625
30.125,0.283020835
29.875,-9999
29.625,-9999
29.375,0.35416666500000005
29.125,0.044841665
28.875,-9999
28.625,-9999
28.375,0.038270835
28.125,-9999
27.875,-9999
27.625,-9999
27.375,-9999
27.125,0.07783333
26.875,-9999
26.625,0.158270835
26.375,-9999
26.125,-9999
25.875,-9999
25.625,-9999
25.375,-9999
25.125,-9999
24.875,-9999
24.625,-9999
24.375,-9999
24.125,-9999
23.875,-9999
23.625,-9999
23.375,-9999
23.125,-9999
22.875,-9999
22.625,-9999
22.375,-9999
22.125,-9999
21.875,-9999
21.625,-9999
21.375,-9999
21.125,-9999
20.875,-9999
20.625,-9999
20.375,-9999
20.125,0.29179167
19.875,0.13321875249999998
19.625,0.29733333
19.375,-9999
19.125,-9999
18.875,-9999
18.625,-9999
18.375,0.225258335
18.125,0.23479167
17.875,0.134625
17.625,-9999
17.375,-9999
17.125,-9999
16.875,-9999
16.625,-9999
16.375,-9999
16.125,-9999
15.875,-9999
15.625,-9999
15.375,-9999
15.125,-9999
14.875,-9999
14.625,-9999
14.375,-9999
14.125,-9999
13.875,-9999
13.625,-9999
13.375,-9999
13.125,-9999
12.875,-9999
12.625,-9999
12.375,-9999
12.125,-9999
11.875,-9999
11.625,-9999
11.375,-9999
11.125,-9999
10.875,-9999
10.625,-9999
10.375,-9999
10.125,-9999
9.875,0.25214375
9.625,0.0664875
9.375,-9999
9.125,-9999
8.875,-9999
8.625,-9999
8.375,-9999
8.125,-9999
7.875,-9999
7.625,-9999
7.375,-9999
7.125,-9999
6.875,-9999
6.625,-9999
6.375,-9999
6.125,-9999
5.875,-9999
5.625,-9999
5.375,-9999
5.125,-9999
4.875,-9999
4.625,-9999
4.375,-9999
4.125,-9999
3.875,-9999
3.625,-9999
3.375,-9999
3.125,-9999
2.875,-9999
2.625,-9999
2.375,-9999
2.125,-9999
1.875,-9999
1.625,-9999
1.375,-9999
1.125,-9999
0.875,-9999
0.625,-9999
0.375,-9999
0.125,-9999
-0.125,-9999
-0.375,-9999
-0.625,-9999
-0.875,-9999
-1.125,-9999
-1.375,-9999
-1.625,-9999
-1.875,-9999
-2.125,-9999
-2.375,-9999
-2.625,-9999
-2.875,-9999
-3.125,-9999
-3.375,-9999
-3.625,-9999
-3.875,-9999
-4.125,-9999
-4.375,-9999
-4.625,-9999
-4.875,-9999
-5.125,-9999
-5.375,-9999
-5.625,-9999
-5.875,-9999
-6.125,-9999
-6.375,-9999
-6.625,-9999
-6.875,-9999
-7.125,-9999
-7.375,-9999
-7.625,-9999
-7.875,-9999
-8.125,-9999
-8.375,-9999
-8.625,-9999
-8.875,-9999
-9.125,-9999
-9.375,-9999
-9.625,-9999
-9.875,-9999
-10.125,-9999
-10.375,-9999
-10.625,-9999
-10.875,-9999
-11.125,-9999
-11.375,-9999
-11.625,-9999
-11.875,-9999
-12.125,-9999
-12.375,-9999
-12.625,-9999
-12.875,-9999
-13.125,-9999
-13.375,-9999
-13.625,-9999
-13.875,-9999
-14.125,-9999
-14.375,-9999
-14.625,-9999
-14.875,-9999
-15.125,-9999
-15.375,-9999
-15.625,-9999
-15.875,-9999
-16.125,-9999
-16.375,-9999
-16.625,-9999
-16.875,-9999
-17.125,-9999
-17.375,-9999
-17.625,-9999
-17.875,-9999
-18.125,-9999
-18.375,-9999
-18.625,-9999
-18.875,-9999
-19.125,-9999
-19.375,-9999
-19.625,-9999
-19.875,-9999
-20.125,-9999
-20.375,-9999
-20.625,-9999
-20.875,-9999
-21.125,-9999
-21.375,-9999
-21.625,-9999
-21.875,-9999
-22.125,-9999
-22.375,-9999
-22.625,-9999
-22.875,-9999
-23.125,-9999
-23.375,-9999
-23.625,-9999
-23.875,-9999
-24.125,-9999
-24.375,-9999
-24.625,-9999
-24.875,-9999
-25.125,-9999
-25.375,-9999
-25.625,-9999
-25.875,-9999
-26.125,-9999
-26.375,-9999
-26.625,-9999
-26.875,-9999
-27.125,-9999
-27.375,-9999
-27.625,-9999
-27.875,-9999
-28.125,-9999
-28.375,-9999
-28.625,-9999
-28.875,-9999
-29.125,-9999
-29.375,-9999
-29.625,-9999
-29.875,-9999
-30.125,-9999
-30.375,-9999
-30.625,-9999
-30.875,-9999
-31.125,-9999
-31.375,-9999
-31.625,-9999
-31.875,-9999
-32.125,-9999
-32.375,-9999
-32.625,-9999
-32.875,-9999
-33.125,-9999
-33.375,-9999
-33.625,-9999
-33.875,0.24127083
-34.125,0.1904125
-34.375,-9999
-34.625,0.25680625
-34.875,0.3058104175
-35.125,0.308935415
-35.375,0.2028343725
-35.625,-9999
-35.875,-9999
-36.125,-9999
-36.375,0.28217083
-36.625,-9999
-36.875,-9999
-37.125,-9999
-37.375,-9999
-37.625,-9999
-37.875,-9999
-38.125,-9999
-38.375,-9999
-38.625,-9999
-38.875,-9999
-39.125,-9999
-39.375,-9999
-39.625,-9999
-39.875,-9999
-40.125,-9999
-40.375,-9999
-40.625,-9999
-40.875,-9999
-41.125,-9999
-41.375,-9999
-41.625,-9999
-41.875,-9999
-42.125,-9999
-42.375,-9999
-42.625,-9999
-42.875,-9999
-43.125,-9999
-43.375,-9999
-43.625,-9999
-43.875,-9999
-44.125,-9999
-44.375,-9999
-44.625,-9999
-44.875,-9999
-45.125,-9999
-45.375,-9999
-45.625,-9999
-45.875,-9999
-46.125,-9999
-46.375,-9999
-46.625,-9999
-46.875,-9999
-47.125,-9999
-47.375,-9999
-47.625,-9999
-47.875,-9999
-48.125,-9999
-48.375,-9999
-48.625,-9999
-48.875,-9999
-49.125,-9999
-49.375,-9999
-49.625,-9999
-49.875,-9999
-50.125,-9999
-50.375,-9999
-50.625,-9999
-50.875,-9999
-51.125,-9999
-51.375,-9999
-51.625,-9999
-51.875,-9999
-52.125,-9999
-52.375,-9999
-52.625,-9999
-52.875,-9999
-53.125,-9999
-53.375,-9999
-53.625,-9999
-53.875,-9999
-54.125,-9999
-54.375,-9999
-54.625,-9999
-54.875,-9999
-55.125,-9999
-55.375,-9999
-55.625,-9999
-55.875,-9999
-56.125,-9999
-56.375,-9999
-56.625,-9999
-56.875,-9999
-57.125,-9999
-57.375,-9999
-57.625,-9999
-57.875,-9999
-58.125,-9999
-58.375,-9999
-58.625,-9999
-58.875,-9999
-59.125,-9999
-59.375,-9999
-59.625,-9999
-59.875,-9999
